[100, 1.299545e+00],
[120, 4.298507e+00],
[140, 5.628718e+00],
[160, 5.505376e+00],
[180, 8.272340e+00],
[200, 9.750152e+00],
[220, 1.093785e+01],
[240, 1.198440e+01],
[260, 1.693256e+01],
[280, 1.890784e+01],
[300, 1.869159e+01],
[320, 2.064776e+01],
[340, 2.154825e+01],
[360, 2.237698e+01],
[380, 1.807378e+01],
[400, 1.873811e+01],
[420, 2.866628e+01],
[440, 2.746099e+01],
[460, 2.276067e+01],
[480, 2.673241e+01],
[500, 9.818939e+00],
[520, 2.347575e+01],
[540, 2.812108e+01],
[560, 3.577065e+01],
[580, 4.264743e+01],
[600, 2.796117e+01],
[620, 1.141254e+01],
[640, 1.526045e+01],
[660, 1.268710e+01],
[680, 1.599919e+01],
[700, 1.529952e+01],
[720, 1.325902e+01],
[740, 2.509282e+01],
[760, 1.793203e+01],
[780, 2.179143e+01],
[800, 1.518657e+01],
[820, 2.091129e+01],
[840, 1.429218e+01],
[860, 2.597950e+01],
[880, 2.081434e+01],
[900, 2.584969e+01],
[920, 3.271111e+01],
[940, 2.866504e+01],
[960, 2.181947e+01],
[980, 2.375758e+01],
[1000, 2.251796e+01],
[1020, 2.390350e+01],
[1040, 2.409115e+01],
[1060, 2.770159e+01],
[1080, 2.209149e+01],
[1100, 3.516559e+01],
[1120, 2.670940e+01],
[1140, 3.190645e+01],
[1160, 3.699770e+01],
[1180, 2.685351e+01],
[1200, 2.976129e+01],
[1220, 1.798145e+01],
[1240, 4.444190e+01],
[1260, 3.999952e+01],
[1280, 3.571687e+01],
[1300, 4.833245e+01],
[1320, 3.414949e+01],
[1340, 3.937623e+01],
[1360, 4.011892e+01],
[1380, 3.606447e+01],
[1400, 4.818727e+01],
[1420, 3.734585e+01],
[1440, 5.011091e+01],
[1460, 4.883506e+01],
[1480, 3.652641e+01],
[1500, 3.594307e+01],
[1520, 2.622670e+01],
[1540, 2.442096e+01],
